0.576
0.442
0.395
0.519
0.410
0.369
0.384
0.377
0.406
0.509
0.508
0.430
0.424
0.409
0.463
0.415
0.430
0.385
0.431
0.432
0.427
0.412
0.391
0.457
0.377
0.431

0.452
0.452
0.383
0.421
0.413
0.497
0.401
0.368
0.430
0.387
0.417
0.394
0.394
0.444
0.418
0.369
0.443
0.447
0.389
0.411
0.440
0.404
0.399
0.435
0.413
0.419
0.537
0.374
0.387
0.338
0.478
0.411
0.364
0.374
0.428
0.384
0.489
0.360
0.396
0.433
0.421
0.428
0.485
0.447
0.429
0.381
0.360
0.484
0.448
0.412
0.486
0.419
0.360
0.404
0.396
0.375
0.404
0.379
0.400
0.382
0.436

0.554
0.404
0.480
0.437
0.397
0.430
0.429
0.391
0.439
0.419
0.416
0.443
0.401
0.401
0.521
0.418
0.395
0.521
0.546
0.436
0.411
0.394
0.412
0.413
0.455
0.396
0.449
0.409
0.477
0.390
0.383
0.424
0.404
0.375
0.391
0.435
0.458
0.398
0.375
0.457
0.467
0.428
0.486
0.516
0.390
0.422
0.440
0.452
0.361
0.460
0.489
0.414
0.398
0.456
0.397
0.382
0.447
0.419
0.365
0.446

0.469
0.479
0.461
0.359
0.374
0.488
0.453
0.450
0.449
0.398
0.447
0.420
0.418
0.426
0.468
0.515
0.482
0.455
0.498
0.442
0.529
0.377
0.401
0.412
0.425
0.405
0.469
0.402
0.413
0.454
0.406
0.466
0.530
0.397
0.471
0.418
0.434
0.412
0.384
0.425
0.456
0.479
0.437
0.389
0.448
0.414
0.477
0.442
0.441
0.335
0.424
0.434
0.387
0.343
0.427

0.433
0.398
0.347
0.449
0.362
0.405
0.455
0.334
0.469
0.431
0.415
0.432
0.436
0.418
0.408
0.430
0.402
0.493
0.379
0.370
0.382
0.335
0.437
0.410
0.480
0.421
0.427
0.433
0.459
0.370
0.350
0.438
0.409
0.466
0.430
0.351
0.459
0.405
0.394
0.434
0.370
0.436
0.403
0.452
0.427
0.369
0.405
0.374
0.445
0.338
0.400
0.394
0.450
0.462
0.368
0.386
0.398
0.384
0.432
0.380
0.404
0.361
0.370
0.489
0.449
0.426
0.397
0.372
0.383
0.407
0.412
0.435
0.429
0.574
0.468
0.484
0.453
0.442
0.583
0.483
0.399
0.506
0.398
0.401
0.354
0.373
0.408
0.425
0.443
0.391
0.435
0.403
0.431
0.490
0.387
0.491
0.492
0.416
0.488
0.375
0.421
0.446
0.426
0.491
0.349
0.351
0.451
0.508
0.526
0.412
0.375
0.352
0.368
0.400
0.407
0.414
0.450
0.393
0.400
0.385
0.491
0.445
0.421
0.425
0.391
0.448
0.436
0.450
0.409
0.419
0.446
0.504
0.381
0.388
0.366
0.441
0.381
0.453
0.424
0.457
0.429
0.434
0.504
0.431
0.409
0.516
0.447
0.497
0.438
0.469
0.466
0.492
0.484
0.454
0.447
0.510
0.534
0.447
0.428
0.390
0.357
0.415
0.480
0.438
0.451
0.401
0.373
0.423
0.431
0.384
0.471
0.379
0.364

0.429
0.408
0.445
0.386
0.396
0.373
0.582
0.417
0.453
0.388
0.431
0.500
0.378
0.351
0.397
0.384
0.391
0.383
0.477
0.514
0.450
0.417
0.429
0.472
0.421
0.371
0.449
0.396
0.445
0.432
0.566
0.414
0.352
0.347
0.392
0.409
0.401
0.380
0.410
0.415
0.473
0.437
0.374
0.409
0.396
0.393
0.463
0.437
0.396
0.425
0.384
0.474
0.337
0.416
0.480
0.499
0.346
0.399
0.356
0.415
0.463
0.487
0.469
0.388
0.459
0.416
0.425
0.400
0.367
0.408

0.368
0.390
0.396
0.421
0.451
0.443
0.360
0.411
0.433
0.415
0.423
0.392
0.440
0.489
0.425
0.438
0.476
0.394
0.475
0.392
0.434
0.374
0.436
0.463
0.387
0.405
0.445
0.368
0.402
0.409
0.517
0.462
0.429
0.501
0.382
0.426
0.449
0.392
0.467
0.438
0.404
0.434
0.430
0.364
0.512
0.380
0.377
0.410
0.441
0.475
0.533
0.422
0.420
0.577
0.456
0.437
0.479
0.447
0.412
0.428
0.456
0.406
0.492
0.435
0.417
0.491
0.366
0.408
0.440
0.346
0.427
0.401
0.435
0.501
0.431
0.387
0.363
0.393
0.480
0.360
0.453
0.463
0.369
0.440
0.368
0.404
0.353
0.361
0.407
0.414
0.396
0.392
0.476
0.452
0.419
0.387
0.393
0.455
0.340
0.364
0.439
0.417
0.439
0.404
0.389
0.357
0.373
0.353

0.365
0.418
0.363
0.369
0.481
0.402
0.416
0.464
0.380
0.465
0.477
0.550
0.403
0.440
0.427
0.409
0.365
0.428
0.481
0.448
0.411
0.422
0.447
0.462
0.426
0.446
0.470
0.389
0.361
0.419
0.397
0.505
0.427
0.464

0.449
0.437
0.417
0.444
0.447
0.418
0.374
0.476
0.494
0.453
0.407
0.360
0.376
0.432
0.371
0.374
0.385
0.445
0.427
0.366
0.487
0.467
0.352
0.471
0.437
0.454
0.401
0.365
0.429
0.438
0.382
0.461
0.452
0.369
0.394
0.405
0.342
0.342
0.409
0.474
0.470
0.508
0.426
0.464
0.470
0.440
0.429
0.439
0.441
0.459
0.410
0.507
0.429
0.410
0.348
0.434
0.392
0.425
0.438
0.417

0.434
0.383
0.419
0.505
0.464
0.435
0.519
0.470
0.420
0.456
0.411
0.449
0.522
0.417
0.387
0.560
0.361
0.391
0.357
0.386
0.375
0.421
0.390
0.398
0.392
0.400
0.400
0.423
0.457
0.339
0.430
0.405
0.397
0.368
0.411
0.442
0.458
0.398
0.425
0.381
0.453
0.381
0.464
0.482
0.420
0.393
0.445
0.434
0.466
0.413
0.525
0.447
0.453
0.467
0.433
0.446
0.404
0.443
0.488
0.405
0.394
0.441
0.462
0.395
0.379
0.384
0.439
0.373
0.429
0.402
0.408
0.424
0.506
0.407
0.334
0.393
0.516
0.457
0.406
0.417
0.395
0.479
0.394
0.453

0.459
0.420
0.393
0.404
0.463
0.438
0.417
0.362
0.434
0.449
0.445
0.433
0.387
0.392
0.441
0.431
0.513
0.507
0.381
0.397
0.410
0.430
0.503
0.397
0.396
0.368
0.418
0.353
0.419
0.420
0.485
0.449
0.447
0.417
0.411
0.403
0.462
0.478
0.565
0.437
0.488
0.446
0.363
0.407
0.384
0.432
0.378
0.394
0.371
0.366
0.430
0.396
0.430
0.388
0.408
0.380
0.419
0.406
0.443
0.451
0.424
0.465
0.497
0.412
0.409
0.409
0.469
0.424
0.440
0.397
0.443
0.406
0.404
0.414
0.370
0.433
0.430
0.496
0.420
0.451
0.533
0.328
0.420
0.380
0.492
0.459
0.472
0.440
0.464
0.446
0.400
0.446
0.373
0.466
0.405
0.381
0.361
0.361
0.446
0.514
0.393
0.411
0.388
0.395
0.460
0.422
0.425
0.394
0.389
0.368
0.387
0.406
0.400
0.418
0.466
0.431
0.422
0.459

0.470
0.471
0.420
0.381
0.372
0.414
0.469
0.455
0.370
0.383
0.410
0.390
0.327
0.577
0.509
0.440
0.436
0.466
0.415
0.435
0.398
0.412
0.398
0.369
0.407
0.416
0.408
0.457
0.366
0.362
0.361
0.441
0.463
0.525
0.423
0.435
0.338
0.520
0.423
0.434
0.411
0.489
0.490
0.378
0.377
0.414
0.472
0.308
0.423
0.357
0.402
0.464
0.337
0.448
0.366
0.423
0.546
0.383
0.391

0.407

0.352
0.453
0.512
0.363
0.368
0.422
0.365
0.413
0.454
0.437
0.395
0.412
0.427
0.421
0.357
0.354
0.373
0.421
0.481
0.389
0.398
0.421
0.305
0.363
0.355
0.389
0.388
0.368
0.434
0.428
0.402
0.402
0.449
0.446
0.432
0.473
0.481
0.472
0.403
0.429
0.389
0.458
0.394
0.424
0.502
0.409
0.441
0.410
0.443
0.461
0.477
0.427
0.367
0.464
0.403
0.430
0.391
0.488
0.556
0.443
0.386
0.402
0.428
0.393
0.415
0.368
0.414
0.504
0.373
0.484
0.493
0.499
0.448
0.408
0.481
0.390
0.446
0.410
0.358
0.439
0.460
0.474
0.468
0.419
0.461
0.537
0.409
0.438
0.357
0.456
0.464
0.488
0.422
0.454
0.464
0.419
0.496
0.357
0.453
0.546
0.478
0.462
0.382
0.403
0.494
0.460
0.422
0.484
0.390
0.373
0.448
0.446
0.374
0.352
0.384
0.367
0.368
0.411
0.402
0.472
0.360
0.381
0.473
0.579
0.451
0.409
0.410
0.420
0.407
0.375
0.378
0.366
0.447
0.445
0.368
0.422
0.452
0.443
0.444
0.401
0.436
0.391
0.468
0.364
0.389
0.354
0.384
0.439
0.426
0.365
0.365
0.389
0.381

0.505
0.399
0.472
0.356
0.372
0.441
0.381
0.574
0.382
0.367
0.381
0.438
0.411
0.420
0.399
0.423
0.439
0.366
0.413
0.391
0.458
0.357
0.433
0.400
0.370
0.401
0.404
0.354
0.469
0.407
0.490
0.497
0.353
0.460
0.434
0.483
0.344
0.455
0.431
0.447
0.406
0.375
0.400
0.407
0.416
0.462
0.478
0.316
0.451
0.430
0.386
0.386
0.376
0.422
0.438
0.402
0.461
0.426

0.421
0.457
0.331
0.421
0.478
0.415
0.409
0.403
0.399
0.416
0.349
0.398
0.440
0.409
0.513
0.384
0.383
0.336
0.590
0.440
0.518
0.413
0.347
0.451
0.505
0.420
0.511
0.342
0.408
0.556
0.415
0.405
0.512
0.418
0.396
0.427
0.415
0.392
0.501
0.377
0.478
0.397
0.565
0.530
0.458
0.390
0.377
0.324
0.520
0.446
0.444
0.352
0.461
0.440

0.403
0.375
0.365

0.394
0.555
0.577
0.444
0.537
0.411
0.423
0.373
0.367
0.476
0.361
0.471
0.520
0.446
0.423
0.404
0.381
0.364
0.352
0.367
0.379
0.444
0.545
0.480
0.498
0.414
0.399
0.412
0.465
0.422
0.449
0.424
0.476
0.465
0.411
0.454
0.467
0.424
0.417
0.452
0.420
0.469
0.394
0.472
0.461
0.407
0.399
0.384
0.518
0.446
0.416
0.440
0.401

0.368
0.390
0.398
0.502
0.446
0.397
0.391
0.448
0.408
0.429
0.411
0.362
0.419
0.422
0.413
0.414
0.419
0.364
0.441
0.513
0.512
0.405
0.419
0.478
0.422
0.544
0.432
0.396
0.492
0.425
0.416
0.461
0.451
0.323
0.569
0.353
0.468
0.400
0.525
0.439
0.467
0.469
0.474
0.414
0.436
0.439
0.429
0.442
0.388
0.448
0.378
0.413
0.427
0.364
0.419
0.455
0.442
0.442
0.414
0.479
0.444
0.452
0.344
0.395
0.367
0.554
0.411
0.489
0.435
0.367
0.445
0.525
0.370
0.485
0.416
0.390
0.394
0.427
0.371
0.532
0.458

0.372
0.362
0.409
0.430
0.395
0.445
0.394
0.391
0.378
0.380
0.426
0.377
0.418
0.423
0.443
0.396
0.420
0.356
0.419
0.438
0.451
0.409
0.382
0.388
0.374
0.371
0.384
0.395
0.361
0.439
0.418
0.427

0.366
0.412
0.423

0.409
0.424
0.433
0.425
0.375
0.390
0.441
0.444
0.406
0.420
0.422
0.393
0.430
0.456
0.405
0.400
0.410
0.448
0.351

0.471
0.457
0.437
0.425
0.363
0.470
0.442
0.547
0.563

0.427
0.396
0.414
0.404
0.400
0.499
0.479
0.439
0.445

0.408
0.473
0.466
0.368
0.365
0.568
0.393
0.529
0.367
0.472
0.421
0.380
0.406
0.400
0.454
0.456
0.358
0.391
0.439
0.476
0.395
0.434
0.446
0.451
0.381
0.435
0.383
0.438
0.511
0.411
0.425
0.395
0.411
0.335
0.471
0.435
0.483
0.396
0.396
0.384
0.410
0.356
0.484
0.409
0.428
0.429
0.370
0.398
0.404
0.497
0.356
0.381
0.462
0.517
0.530
0.426
0.380
0.483
0.393
0.463
0.436

0.471

0.468
0.353
0.543
0.468
0.503
0.419
0.384
0.408
0.457
0.370
0.448
0.430
0.403
0.388
0.420
0.378
0.439
0.417
0.425

0.413
0.428
0.424
0.449
0.366
0.465
0.440
0.404

0.443

0.458
0.367
0.426
0.397
0.509
0.449
0.473
0.390
0.404
0.394
0.391
0.445
0.425
0.404
0.392
0.521
0.459
0.449
0.420
0.359
0.422
0.410
0.463
0.489
0.369

0.371
0.406
0.441
0.372
0.353
0.437
0.490
0.408
0.366
0.439
0.354

0.450
0.420
0.380
0.400
0.419
0.403
0.411
0.428
0.360
0.442
0.460
0.402
0.404
0.508
0.460
0.450
0.393
0.467
0.478
0.468
0.570

0.532
0.446
0.371
0.523
0.398
0.439
0.468
0.363
0.438
0.442
0.352
0.375
0.368
0.375
0.454
0.446
0.511
0.498
0.416
0.471
0.439
0.509
0.408
0.437
0.349
0.589
0.480
0.366

0.546

0.447
0.414
0.423


0.427
0.390
0.428
0.517
0.365
0.371

0.409
0.424
0.459
0.477
0.411
0.464
0.526
0.467
0.525
0.500
0.361
0.527
0.438

0.365
0.464

0.366
0.365


0.423
0.504
0.411
0.405

0.419
0.498
0.434
0.416

0.376
0.516
0.448
0.463
0.403
0.376
0.417
0.373
0.451
0.513
0.384
0.366
0.419
0.396
0.316
0.468
0.419
0.443
0.420
0.427
0.382
0.402
0.397
0.383
0.571
0.395
0.433

0.407
0.509
0.450
0.413
0.427
0.419
0.523
0.473
0.554
0.444
0.410
0.447
0.408
0.381
0.368
0.437
0.431
0.563
0.338
0.432
0.392
0.487
0.424
0.436
0.451
0.448
0.387

0.455
0.448
0.437
0.396
0.408
0.434
0.404
0.357

0.435
0.502
0.481
0.396
0.448
0.374
0.472
0.437
0.564
0.457
0.407
0.436
0.395
0.449
0.391
0.521
0.428
0.433
0.477
0.533
0.464
0.505
0.422
0.467

0.430

0.360
0.350
0.386
0.411
0.368
0.417
0.422
0.386
0.409
0.439

0.416
0.451
0.520
0.464
0.407
0.548
0.362
0.419
0.453
0.346
0.417
0.407
0.487

0.488
0.418
0.345
0.376
0.467
0.498
0.399

0.542
0.415
0.437
0.465
0.518
0.405
0.356
0.370
0.430
0.509
0.444
0.447
0.382
0.408
0.424
0.410
0.506
0.458
0.490
0.568
0.403
0.400

0.383
0.581
0.427
0.434
0.446
0.462
0.426
0.426
0.413
0.501
0.423
0.515
0.443
0.380
0.595
0.455
0.431
0.534
0.455
0.483
0.404
0.421
0.470
0.429
0.335
0.352
0.388
0.368
0.418
0.413
0.450
0.467
0.371
0.462
0.462
0.425
0.393
0.532
0.472
0.500
0.480
0.433
0.400
0.380
0.393
0.474
0.392
0.393
0.436
0.500
0.455
0.495
0.445
0.360
0.444
0.455

0.396
0.421
0.408
0.414
0.401
0.393
0.435
0.456
0.445
0.503
0.491
0.429
0.420
0.454
0.389
0.364
0.471
0.437
0.446
0.442
0.437
0.486
0.364
0.452
0.457
0.369
0.474
0.490
0.499
0.498
0.492
0.427
0.533
0.363
0.464
0.447
0.424
0.463
0.465
0.395
0.443
0.515
0.370
0.429
0.416
0.498
0.447
0.409
0.437
0.449
0.369
0.394
0.391
0.409
0.424
0.473
0.412
0.399
0.407
0.566

0.377
0.439
0.519
0.424
0.390
0.456
0.508
0.425
0.397
0.341
0.435
0.417
0.494
0.403
0.405
0.537
0.432
0.413
0.463
0.416
0.388
0.317
0.510
0.491
0.402
0.442
0.356
0.484
0.387
0.413
0.391
0.404
0.447
0.402
0.422
0.469
0.388
0.365
0.371
0.414
0.347
0.407
0.491
0.424
0.513
0.482
0.412
0.440
0.408
0.438
0.415
0.490
0.390
0.418
0.348
0.406
0.447
0.489
0.389
0.446
0.521
0.565
0.493
0.411
0.432
0.472
0.359
0.592
0.407
0.369
0.432
0.362
0.475